4 0.93671875 0.2875 0.07265625 0.1765625
4 0.46171875 0.284375 0.0734375 0.2328125
4 0.7125 0.4484375 0.15078125 0.3453125
4 0.12890625 0.51015625 0.1296875 0.415625
1 0.28125 0.65625 0.09453125 0.40546875
3 0.05390625 0.39140625 0.04609375 0.15390625
3 0.315625 0.35625 0.01953125 0.0765625
3 0.4140625 0.209375 0.03046875 0.08359375
3 0.628125 0.35859375 0.0484375 0.1359375
3 0.89453125 0.23359375 0.03046875 0.06796875
3 0.1890625 0.40078125 0.02890625 0.12265625
3 0.24609375 0.34921875 0.0203125 0.06796875
4 0.278125 0.38984375 0.06171875 0.1640625
3 0.496875 0.21328125 0.02109375 0.07734375
3 0.78828125 0.35 0.053125 0.15
0 0.71328125 0.57734375 0.15234375 0.296875
3 0.9796875 0.2484375 0.025 0.07578125