2 0.45546875 0.7984375 0.23046875 0.3796875
2 0.05546875 0.58046875 0.1078125 0.46484375
2 0.25859375 0.61328125 0.07265625 0.33125
1 0.38515625 0.56328125 0.12265625 0.396875
4 0.4 0.28515625 0.08515625 0.18515625
3 0.4484375 0.23046875 0.02734375 0.05546875
3 0.34765625 0.23203125 0.02890625 0.05234375
3 0.546875 0.24375 0.02265625 0.04375
3 0.640625 0.234375 0.02578125 0.05546875
0 0.58828125 0.3015625 0.084375 0.11015625
4 0.5890625 0.259375 0.08515625 0.1234375
1 0.59921875 0.5421875 0.1125 0.42265625